309867133	42.0026370	21.4015802	
309867134	42.0034735	21.4017860	
309867135	42.0032367	21.4035294	
309867137	42.0022577	21.4032885	
309867277	42.0067942	21.4028441	
309867278	42.0048272	21.4023654	
309867279	42.0047728	21.4048626	
309867280	42.0061960	21.4044405	
358090036	41.9908051	21.4133865	
363454177	42.0065762	21.3794137	
363454179	42.0063157	21.3792951	
363454183	42.0065387	21.3795628	
363564634	42.0096012	21.3623540	
363564635	42.0092472	21.3623562	
363564637	42.0092500	21.3631861	
363564638	42.0097164	21.3631817	
363564640	42.0097135	21.3623532	
365291273	41.9924014	21.4340322	
365291274	41.9927473	21.4348186	
365291275	41.9928715	21.4347197	
365291276	41.9927945	21.4345446	
365291277	41.9929647	21.4344092	
365291279	41.9926958	21.4337978	
367158757	42.0219288	21.3697311	
367158758	42.0212789	21.3705897	
367158760	42.0199511	21.3706900	
367158761	42.0198477	21.3713217	
367158763	42.0180286	21.3715704	
367158764	42.0169847	21.3735827	
367158765	42.0165799	21.3746469	
367158770	42.0169910	21.3748407	
367158771	42.0188282	21.3747982	
367158772	42.0219502	21.3704133	
367836127	41.9879733	21.4177236	
367836128	41.9882227	21.4179185	
367836129	41.9907344	21.4212630	
367836130	41.9905753	21.4216092	
367836131	41.9904556	21.4218409	
367836132	41.9897857	21.4234288	
367836133	41.9906489	21.4240304	
367836135	41.9899845	21.4255610	
367836137	41.9890967	21.4248021	
367836139	41.9879356	21.4268405	
367836141	41.9866173	21.4263971	
367836145	41.9871742	21.4207616	
380920212	41.4439681	22.0202441	ЈЗУ Општа Болница
381141339	41.4336705	22.0181670	
381141344	41.4327374	22.0181155	
381141348	41.4327246	22.0191283	
381141353	41.4336705	22.0192313	
381141682	41.4331879	22.0186820	Itna medicinska sluzba
389806076	41.3418538	21.5633907	
390436187	41.1128747	20.8069305	Брза помош-амбуланта
390451525	41.1182044	20.8170554	
390451526	41.1165878	20.8191108	
390451527	41.1150733	20.8164857	
390451528	41.1167339	20.8147281	
390451529	41.1170330	20.8147077	
391826997	41.9854975	21.4572203	
391827000	41.9849350	21.4567593	
391827001	41.9846470	21.4573733	
391827002	41.9852078	21.4578328	
411271267	41.5132068	21.2164740	
411271268	41.5129628	21.2177025	
418782887	41.9848745	21.4568930	
418782888	41.9847043	21.4572467	
418782889	41.9852709	21.4576935	
418782890	41.9849121	21.4573996	
418782891	41.9850680	21.4570670	
418782892	41.9854319	21.4573652	
418783009	41.9849469	21.4569524	
418783011	41.9847841	21.4573121	
418783927	41.9849566	21.4573014	
418783928	41.9850755	21.4573988	
418783929	41.9851457	21.4572438	
418783930	41.9850306	21.4571495	
443017288	41.9955321	21.5037189	
443017289	41.9954724	21.5039440	
443017291	41.9953702	21.5038949	
443017293	41.9954299	21.5036699	
444334939	41.9163686	22.4064484	
444334940	41.9172436	22.4053664	
444334942	41.9176922	22.4052575	
444334945	41.9163443	22.4084841	
444334951	41.9161306	22.4080695	
444334953	41.9162845	22.4074753	
444334955	41.9166612	22.4070648	
444334957	41.9177751	22.4062679	
444334960	41.9178470	22.4056979	
444334962	41.9178543	22.4054863	
444334970	41.9166971	22.4087974	
444334972	41.9168037	22.4085675	
444334974	41.9171394	22.4079327	
444334976	41.9173841	22.4069017	
446285567	41.9988883	21.3918760	Систина
446285590	41.9902796	21.4050218	
446285591	41.9905371	21.4055466	
446285593	41.9902399	21.4055587	
446285594	41.9902326	21.4052341	
446285601	41.9900084	21.4055430	
446285606	41.9899172	21.4055306	
446285618	41.9897770	21.4055363	
446285627	41.9896351	21.4052000	
446285630	41.9896299	21.4049724	
446285638	41.9898096	21.4049651	
446285641	41.9898134	21.4051305	
446285649	41.9898664	21.4051283	
446285652	41.9898596	21.4048261	
446285655	41.9900028	21.4048203	
446285656	41.9900098	21.4051311	
446285659	41.9901004	21.4048214	
446285661	41.9902374	21.4048158	
446285667	41.9902430	21.4050641	
446285669	41.9902805	21.4050626	
446320919	41.9894355	21.4619958	
446320921	41.9889425	21.4616036	
446320922	41.9886448	21.4622807	
446320924	41.9891378	21.4626730	
447906076	41.9948425	21.4048382	
447906078	41.9948123	21.4050819	
447906079	41.9949525	21.4051134	
447906081	41.9949827	21.4048697	
452405200	41.0328188	21.3357389	
452405202	41.0327312	21.3355890	
452405207	41.0327639	21.3355554	
452405208	41.0326255	21.3353187	
452405209	41.0327060	21.3352361	
452405210	41.0327409	21.3352959	
452405212	41.0327718	21.3352643	
452405213	41.0326588	21.3350710	
452405217	41.0326259	21.3351047	
452405218	41.0325653	21.3350011	
452405220	41.0327580	21.3348031	
452405221	41.0328174	21.3349047	
452405222	41.0327617	21.3349618	
452405223	41.0330604	21.3354729	
452405224	41.0331157	21.3354160	
452405226	41.0331705	21.3355097	
452405227	41.0328088	21.3358813	
452405229	41.0327605	21.3357987	
461667222	41.4403058	22.6440256	
464772764	42.1956200	22.3213986	Bolnica Primarius D-r. Dimitar Arsov
478041008	41.4334419	22.0143343	Asklepij
479803481	42.0064220	21.3825263	Eye Center VIZIA
497549513	41.7085000	22.8514500	Амбуланта
552740011	42.0374713	21.4252136	
568024520	41.1815650	20.6795882	SANITA
568024688	41.1810946	20.6791796	City hospital
774784615	41.0899619	21.0073455	Здравствен дом Ресен
1088079165	41.8845005	22.3340659	
1092272137	42.0080827	21.3388850	
1092272145	42.0077080	21.3381661	
1092272150	42.0087603	21.3394643	
1092300445	42.0481616	21.3467492	
1092300531	42.0449386	21.3460247	
1272903523	41.8872494	22.5100370	Bolnica Vinica
1359271238	41.9955891	21.4235159	
1381604857	41.9703449	21.4420010	Болница за зависности
1381606894	41.9869370	21.4346369	Адриалаб
1400953433	42.0136387	21.4034030	
1400953447	42.0136569	21.4053411	
1629789674	41.7161641	21.7756540	
1652685364	41.9869077	21.4348208	
1652685365	41.9869818	21.4347725	
1652685367	41.9869525	21.4349449	
1652685372	41.9870266	21.4348966	
1655990864	41.0217189	21.3165443	
1655990865	41.0213167	21.3156377	
1655990866	41.0212980	21.3168723	
1655990867	41.0208958	21.3159657	
1712596980	41.7140153	21.7749455	
1712596986	41.7160670	21.7756488	
1712596992	41.7165959	21.7762800	
1712597001	41.7154105	21.7764374	
1712597006	41.7155776	21.7764759	
1712597053	41.7167069	21.7764812	
1712597067	41.7137247	21.7766005	
1712597069	41.7136063	21.7752247	
1712597084	41.7153547	21.7754056	
1726094579	42.1363948	21.7078016	
1726094580	42.1381469	21.7075227	
1726094581	42.1361839	21.7099930	
1726094582	42.1373016	21.7069299	
1726094583	42.1363597	21.7084574	
1726094584	42.1369575	21.7110122	
1726094585	42.1380117	21.7074100	
1726094586	42.1361859	21.7079974	
1726094587	42.1360991	21.7083582	
1726094588	42.1375682	21.7100440	
1726094589	42.1366512	21.7075361	
1726094590	42.1372945	21.7106032	
1726094591	42.1358935	21.7094244	
1726094592	42.1363935	21.7103350	
1726094593	42.1360447	21.7097382	
1726094594	42.1364313	21.7083823	
1726094595	42.1369854	21.7072196	
1726094596	42.1378506	21.7072706	
1726094597	42.1381549	21.7083703	
1726094598	42.1362523	21.7080256	
1726094599	42.1359930	21.7082040	
1726094600	42.1360156	21.7081946	
1726094601	42.1379620	21.7089469	
1726094602	42.1362287	21.7079864	
1726094603	42.1377511	21.7095934	
1726094604	42.1371286	21.7107977	
1726094605	42.1366015	21.7107145	
1726094606	42.1357901	21.7091749	
1726094607	42.1362363	21.7082348	
1726094608	42.1356807	21.7088262	
1726094609	42.1356270	21.7085768	
1726094610	42.1383757	21.7076809	
1726094611	42.1368521	21.7111464	
1726094612	42.1374349	21.7103229	
1726094613	42.1358538	21.7083515	
1726094798	42.1360613	21.7084118	
1726094799	42.1365029	21.7088920	
1726094801	42.1364293	21.7091548	
1726094803	42.1366839	21.7089081	
1726094813	42.1361747	21.7083046	
1726094817	42.1366143	21.7087900	
1726094824	42.1363935	21.7090073	
1726094825	42.1363617	21.7090422	
1735492316	42.1351138	21.7167789	
1735492317	42.1350860	21.7170123	
1735492323	42.1351059	21.7165778	
1735492325	42.1352451	21.7165563	
1735492328	42.1352471	21.7165295	
1735492331	42.1350283	21.7170069	
1735492334	42.1354000	21.7173673	
1735492337	42.1353642	21.7165036	
1735492340	42.1354815	21.7165465	
1735492343	42.1349965	21.7173207	
1735492346	42.1349547	21.7172885	
1735492349	42.1353685	21.7172061	
1735492354	42.1350383	21.7171947	
1735492355	42.1350223	21.7170874	
1735492356	42.1351079	21.7168567	
1735492358	42.1354298	21.7172224	
1735492360	42.1351815	21.7172832	
1747627317	41.9860650	21.4331367	
1758468903	41.9957907	21.4235348	
1758468912	41.9955735	21.4233852	
1758468916	41.9956381	21.4235053	
1758468941	41.9957420	21.4233489	
1790709935	41.4122546	22.8795370	
1790709949	41.4123060	22.8798289	
1790709954	41.4121826	22.8797572	
1790709963	41.4123780	22.8796087	
1790723839	41.3830349	22.8120320	
1791473942	41.3848054	22.7523700	
1791511473	41.4121993	22.8800492	
1799589233	41.4119728	22.8798854	
1799589234	41.4120195	22.8797707	
1799589235	41.4122460	22.8799344	
1850511011	42.0601589	21.4501059	Манолеви
1857986072	42.0050411	21.4657186	
1857986094	42.0047959	21.4657964	
1857986099	42.0051208	21.4662256	
1857986108	42.0048936	21.4663060	
1859079460	42.0081651	21.4590569	
1859079462	42.0089763	21.4598005	
1859079463	42.0083510	21.4590995	
1859079464	42.0080180	21.4602201	
1859079465	42.0088119	21.4589877	
1859079466	42.0086514	21.4593431	
1859079467	42.0081532	21.4602511	
1859079468	42.0087601	21.4593941	
1859079469	42.0087033	21.4589556	
1859079470	42.0083037	21.4594738	
1859079472	42.0087182	21.4595617	
1859079473	42.0088916	21.4598782	
1859079474	42.0083283	21.4592792	
1860925725	41.9952927	21.4203236	
1860925726	41.9952224	21.4207468	
1860925728	41.9951778	21.4203467	
1860925731	41.9950443	21.4203734	
1860925748	41.9951046	21.4209140	
1860925750	41.9952739	21.4201545	
1860925752	41.9951633	21.4209021	
1860925758	41.9950255	21.4202046	
1860925759	41.9951477	21.4207618	
1864488278	42.0207628	21.4436092	
1864488297	42.0210862	21.4450672	
1864488318	42.0212612	21.4450326	
1864488322	42.0210696	21.4437406	
1864488348	42.0207212	21.4451097	
1864488359	42.0205952	21.4450295	
1864488365	42.0205468	21.4447805	
1864488367	42.0212749	21.4438721	
1864488368	42.0205297	21.4435739	
1864488372	42.0205745	21.4449628	
1864488392	42.0205256	21.4445748	
1864488411	42.0205316	21.4442932	
1864488681	42.0212702	21.4443996	
1864640003	42.0109674	21.4395070	
1864640012	42.0112531	21.4399839	
1864640014	42.0108768	21.4400436	
1864640020	42.0109288	21.4400848	
1864640032	42.0109892	21.4398204	
1864640036	42.0111582	21.4394890	
1864640047	42.0108637	21.4399622	
1864640050	42.0111478	21.4392894	
1864640056	42.0109957	21.4400539	
1864640074	42.0112401	21.4397971	
1864640106	42.0104016	21.4399949	
1864640114	42.0109982	21.4401011	
1864640124	42.0103688	21.4393627	
1867119524	42.0142506	21.4039744	
1867119525	42.0142470	21.4040253	
1867119526	42.0143201	21.4037451	
1867119528	42.0138205	21.4036105	
1867119530	42.0137941	21.4034425	
1867119533	42.0142541	21.4037366	
1867119542	42.0143032	21.4039812	
1867119543	42.0142590	21.4036674	
1867268154	41.9913922	21.4147691	
1867268159	41.9921522	21.4135793	
1867268181	41.9917396	21.4121980	
1867268183	41.9906414	21.4143907	
1867272078	41.9923807	21.4128116	
1867272083	41.9922255	21.4134556	
1868404546	42.0309143	21.4460448	
1868404552	42.0304149	21.4459402	
1868404705	42.0304847	21.4453340	
1868404709	42.0309781	21.4454815	
1868812091	42.0060925	21.4052017	
1868812163	42.0066493	21.4045454	
1870347255	42.0191935	21.3736166	
1870347257	42.0217123	21.3704560	
1870347259	42.0172386	21.3736790	
1870347270	42.0180417	21.3720246	
1870347271	42.0191269	21.3740682	
1870347275	42.0199416	21.3728750	
1870347276	42.0189096	21.3741391	
1870347278	42.0200730	21.3730805	
1870347280	42.0174371	21.3722172	
1870347282	42.0188580	21.3744188	
1870347285	42.0173791	21.3732716	
1870361973	42.0169219	21.3748134	
1870372870	42.0217958	21.3702648	
1870372878	42.0217976	21.3708912	
1870372879	42.0209770	21.3706090	
1870372893	42.0200966	21.3706785	
1870372914	42.0220858	21.3698201	
1874283890	41.8980526	21.6928695	
1874283902	41.8984559	21.6928051	
1874283905	41.8969625	21.6940229	
1874283907	41.8986396	21.6933673	
1874283909	41.8984998	21.6931742	
1874283913	41.8971462	21.6944778	
1874283915	41.8978370	21.6940540	
1874283917	41.8973698	21.6934113	
1875061197	42.0062782	21.3794442	
1878627234	42.0054504	21.5046805	
1878627235	42.0052982	21.5043183	
1878627245	42.0052586	21.5041815	
1878627247	42.0055222	21.5044851	
1878627284	42.0057075	21.5043894	
1878627286	42.0056287	21.5044307	
1878627291	42.0054507	21.5042383	
1878627320	42.0054107	21.5045436	
1878627323	42.0057468	21.5045249	
1878627325	42.0056540	21.5039740	
1878627334	42.0055591	21.5041905	
1878627338	42.0056959	21.5041187	
1901878132	41.9874155	21.4409756	
1901878160	41.9876245	21.4420179	
1901878252	41.9878900	21.4414171	
1901878297	41.9871324	21.4415152	
1959703554	42.0075565	21.3751520	
1959703557	42.0073900	21.3751956	
1959703560	42.0073382	21.3753991	
1959703563	42.0073851	21.3754175	
1959703576	42.0074750	21.3754589	
1959703579	42.0075282	21.3752633	
1959703580	42.0072623	21.3754708	
1959703582	42.0074500	21.3755573	
1959703583	42.0072866	21.3753753	
1959703585	42.0073582	21.3750606	
1959703586	42.0073308	21.3751683	
1959703588	42.0074353	21.3752205	
1962863260	41.5168078	21.7223203	
1962863387	41.5171533	21.7217034	
1962863436	41.5152588	21.7212836	
1962863438	41.5154435	21.7207794	
1962863443	41.5163660	21.7229372	
1962863463	41.5158653	21.7229520	
1962863496	41.5148250	21.7225604	
1962863608	41.5149133	21.7228340	
1962863701	41.5155424	21.7219553	
1962863735	41.5168598	21.7214081	
1972933169	41.0405263	21.0052937	
1995784928	42.1364032	21.7101444	
1995784929	42.1368647	21.7106513	
1995784930	42.1368647	21.7105843	
1995784931	42.1365723	21.7099808	
1995784932	42.1370302	21.7103874	
1995784933	42.1366459	21.7101095	
1995784934	42.1365070	21.7100311	
1995784935	42.1367394	21.7100130	
1995784936	42.1365723	21.7096991	
1995784937	42.1365405	21.7100130	
1995784938	42.1371102	21.7105151	
1995784939	42.1367632	21.7107613	
1995784940	42.1369164	21.7107372	
1995784941	42.1364211	21.7098681	
1999950864	41.4086240	22.2415389	Ambulanta
2051568899	41.0738386	20.8024774	
2051568935	41.0735076	20.8026335	
2051568948	41.0738149	20.8025638	
2051569069	41.0736081	20.8029334	
2051569277	41.0735763	20.8024190	
2051569303	41.0741142	20.8030520	
2051569452	41.0741945	20.8028851	
2051569526	41.0737340	20.8022688	
2051569559	41.0740009	20.8023760	
2051569573	41.0733256	20.8027891	
2051569826	41.0733337	20.8026174	
2051569851	41.0736127	20.8028428	
2051569859	41.0739403	20.8025316	
2051569882	41.0736809	20.8024506	
2069262521	41.0228394	21.3169072	
2069262522	41.0217240	21.3170458	
2069262524	41.0246769	21.3183194	
2069262525	41.0231036	21.3199422	
2069262526	41.0212300	21.3194595	
2069262527	41.0221872	21.3205188	
2069262528	41.0232645	21.3163476	
2069262529	41.0240915	21.3200484	
2069262530	41.0223171	21.3180297	
2069262531	41.0240209	21.3204863	
2069262532	41.0237581	21.3194863	
2069262533	41.0218059	21.3202603	
2069262534	41.0216097	21.3200716	
2069262535	41.0230143	21.3206926	
2069262536	41.0224226	21.3162840	
2069262537	41.0243056	21.3205571	
2103066166	41.7387607	22.1991058	
2103066171	41.7388030	22.1990343	
2321716849	41.7164296	21.7758659	
2323196789	41.1450708	22.5066705	
2323269026	42.0096017	21.3624953	
2323269041	42.0093817	21.3628613	
2323269042	42.0095759	21.3625942	
2323269043	42.0093419	21.3625968	
2323269045	42.0093632	21.3630235	
2323269047	42.0093547	21.3623555	
2323269048	42.0093637	21.3631854	
2323269049	42.0096033	21.3631824	
2323269050	42.0093552	21.3624969	
2323269061	42.0095774	21.3629227	
2372341482	41.5077121	20.9622659	
2372341483	41.5077195	20.9621273	
2372341484	41.5077340	20.9618968	
2372341486	41.5077414	20.9617569	
2372341487	41.5078313	20.9621379	
2372341488	41.5078435	20.9619071	
2372341490	41.5079372	20.9621446	
2372341491	41.5079484	20.9619340	
2372341492	41.5080656	20.9622993	
2372341493	41.5080731	20.9621575	
2372341495	41.5080862	20.9619471	
2372341496	41.5080945	20.9617904	
2373004497	40.9990844	21.3702482	Диагностички центар св.Спас
2405915015	41.4391631	22.6436636	Здравствен Дом Струмица
2411245233	41.1980475	22.4802002	
2411245236	41.1981405	22.4800122	
2411245246	41.1717857	22.4907252	Негорски Бањи
2411245280	41.1969417	22.4798888	
2411245310	41.1974904	22.4790683	
2411245313	41.1969053	22.4811333	
2411245345	41.1978214	22.4792400	
2411245360	41.1975873	22.4791863	
2411245363	41.1982654	22.4792561	
2411245401	41.1968125	22.4794167	
2411245454	41.1968125	22.4792131	
2411245458	41.1972565	22.4814659	
2411245501	41.1971839	22.4812355	
2411245522	41.1977649	22.4806937	
2411245523	41.1974945	22.4811390	
2411245557	41.1967197	22.4801463	
2487777865	42.0060294	20.9700679	
2487777871	42.0042450	20.9736336	
2487777884	42.0053837	20.9717630	
2487777886	42.0045386	20.9733724	
2487777891	42.0042914	20.9728037	
2487777892	42.0043393	20.9735279	
2487777896	42.0048057	20.9707223	
2487777900	42.0057544	20.9699606	
2487777907	42.0044270	20.9735762	
2487777909	42.0040258	20.9733761	
2487777910	42.0061650	20.9698265	
2487777911	42.0045147	20.9712534	
2487777917	42.0044005	20.9717722	
2487777919	42.0047393	20.9736014	
2487777923	42.0043552	20.9722780	
2487777929	42.0059098	20.9703897	
2487777934	42.0056747	20.9702181	
2487777943	42.0055630	20.9690433	
2487777945	42.0052575	20.9698839	
2545342992	40.9776464	20.9139859	ЈЗУ Завод за превенција лекување и рехабилитација на хронични респираторни неспецифични заболувања, Отешево
2574157872	41.3156008	22.5564969	JZU Zdravstven dom Valandovo
2580571875	41.3445413	21.5626767	
2588860382	41.3424646	21.5642847	
2588861489	41.3426136	21.5645095	
2670727606	41.4351790	22.6393219	Стара Градска болница
2674521006	41.3413343	21.5626192	
2891532999	42.0191328	22.5899086	
2893230087	41.0422922	21.4559663	
2918276497	41.8302786	20.9672026	
2918276498	41.8299606	20.9669677	
2918276499	41.8297933	20.9673706	
2918276500	41.8301129	20.9676098	
2918382246	41.8396457	20.9746913	
2918382247	41.8395367	20.9746587	
2918382248	41.8395124	20.9747238	
2918382249	41.8396275	20.9747807	
3022359063	42.2050632	22.3340869	Пензионерски здравствен дом
3045700179	41.4802697	22.0822141	
3045700180	41.4801636	22.0831626	
3045700181	41.4784560	22.0841535	
3045700182	41.4778090	22.0840686	
3045700183	41.4782757	22.0816903	
3045700184	41.4789863	22.0818318	
3045700185	41.4790076	22.0822282	
3107179427	41.9926795	21.4341010	
3107179428	41.9926942	21.4343303	
3107182429	41.9927375	21.4342285	
3107182430	41.9926533	21.4343626	
3107182431	41.9925220	21.4340634	
3107182432	41.9926676	21.4339508	
3107182433	41.9927054	21.4340205	
3107182434	41.9925898	21.4341331	
3107182435	41.9928464	21.4343517	
3107182436	41.9926137	21.4341412	
3107182437	41.9926723	21.4342800	
3107182438	41.9926992	21.4344679	
3107182439	41.9925699	21.4341707	
3107182440	41.9927672	21.4342964	
3107182441	41.9928082	21.4342640	
3162774861	41.6359650	22.4655010	
3392666037	41.3446287	21.5628791	
3428338299	41.3414832	21.5624124	
3428338300	41.3414227	21.5624865	
3647042375	42.1197425	21.7343791	Poliklinika "Goce Delcev"
3650810327	42.0025193	21.4016169	
3650810528	42.0024779	21.4016675	
3695204472	41.9652957	22.7797778	
3696527260	41.9661917	22.7806657	
3696527261	41.9661738	22.7807087	
3696527263	41.9661617	22.7807288	
3696527264	41.9654551	22.7816327	
3696527265	41.9654276	22.7816527	
3696527266	41.9653918	22.7816616	
3696527269	41.9653163	22.7815973	
3696527271	41.9653908	22.7797751	
3704382122	41.9651139	22.7804593	
3704387327	41.9653373	22.7797521	
3704387330	41.9648738	22.7808827	
3704387337	41.9661479	22.7805612	
3758598714	41.5130692	21.2170105	
3758598715	41.5130140	21.2172707	
3758598720	41.5123694	21.2165443	
3758598721	41.5124027	21.2177327	
3787571405	41.9872329	21.4413301	
3787571417	41.9873245	21.4411253	
3787571432	41.9871532	21.4414511	
3832632307	41.9872780	21.4245321	
4107484486	42.0045207	21.4037146	
4107484487	42.0045673	21.4033904	
4107484488	42.0037996	21.4031904	
4107484889	42.0037530	21.4035147	
4125379517	42.0009982	21.4128098	Центар за ментално здравје
4125379518	42.0010726	21.4130411	ПЗУ „Д-р Горица“
4127878230	42.0084707	21.4587118	
4127878233	42.0081558	21.4587654	
4127878236	42.0079246	21.4602031	
4127878238	42.0084029	21.4587037	
4127878248	42.0080761	21.4589478	
4127878254	42.0088334	21.4589210	
4133414551	42.0047350	21.4030347	
4133414554	42.0050083	21.4031047	
4138200603	42.0005964	21.4145316	Неуромедика
4151702372	41.9950304	21.4202483	
4151702373	41.9950470	21.4203974	
4151702381	41.9951804	21.4203702	
4207941044	42.0135929	21.4056037	
4224249979	42.0137001	21.4051382	
4224249980	42.0140363	21.4049160	
4224249982	42.0141040	21.4050388	
4224249985	42.0141886	21.4043197	
4224249986	42.0141950	21.4041812	
4224250089	42.0143725	21.4051080	
4224250090	42.0143731	21.4050322	
4224250093	42.0143998	21.4039908	
4224250094	42.0144235	21.4036558	
4224250097	42.0145805	21.4040139	
4224250098	42.0146042	21.4036789	
4234366919	42.0137739	21.4039938	
4234366921	42.0137998	21.4039347	
4234366922	42.0138128	21.4036746	
4234366923	42.0139314	21.4041292	
4234366924	42.0139891	21.4040903	
4234366925	42.0142027	21.4040997	
4234366926	42.0142549	21.4041030	
4247656089	41.8353984	20.8824258	Hospital
4278026415	41.4166397	22.7546217	
4278026416	41.4160637	22.7543385	
4278026417	41.4160770	22.7542430	
4278026418	41.4161407	22.7540926	
4278026419	41.4163902	22.7542377	
4278026420	41.4167007	22.7544111	
4281387289	42.0160266	21.5118538	Medical Point
4367454449	41.7356638	22.1919723	
4367454451	41.7357765	22.1919365	
4367454452	41.7357047	22.1915312	
4367454453	41.7355744	22.1915727	
4367454454	41.7355922	22.1916730	
4367454455	41.7354780	22.1917094	
4367454456	41.7354999	22.1918335	
4367454457	41.7356318	22.1917915	
4405714510	42.0089273	21.4590248	
4405714511	42.0088996	21.4593563	
4408488656	41.7388195	22.1985658	
4408488657	41.7387046	22.1985517	
4408488658	41.7387204	22.1980527	
4408488659	41.7385250	22.1980456	
4408488660	41.7385184	22.1981270	
4408488661	41.7384828	22.1981535	
4408488662	41.7384207	22.1983393	
4408488663	41.7384128	22.1984809	
4422365687	41.7385807	22.1992246	
4422365688	41.7386801	22.1991853	
4422442641	41.7348442	22.1864601	
4422442642	41.7349446	22.1868011	
4422442643	41.7350998	22.1867191	
4422442644	41.7349748	22.1863873	
4426204299	41.7363974	22.1978241	
4426204300	41.7363997	22.1977116	
4426204301	41.7363536	22.1975856	
4426204302	41.7363065	22.1975214	
4426204303	41.7362577	22.1974876	
4426204304	41.7361414	22.1974718	
4426204305	41.7356453	22.1975576	
4426204306	41.7355573	22.1975039	
4426204307	41.7354675	22.1975681	
4426204308	41.7354475	22.1974990	
4426204309	41.7352896	22.1976106	
4426204311	41.7347125	22.1981533	
4426204312	41.7345889	22.1982507	
4426204313	41.7343788	22.1983255	
4426204314	41.7343040	22.1983239	
4426204315	41.7342046	22.1982960	
4426204316	41.7340810	22.1983783	
4426204317	41.7339566	22.1984769	
4426204318	41.7335870	22.1987923	
4426204319	41.7330773	22.1991285	
4426204320	41.7325676	22.1994329	
4426204321	41.7322638	22.1997161	
4426204322	41.7321597	22.2002272	
4426204323	41.7320366	22.2004834	
4426204324	41.7363685	22.1979147	
4426204325	41.7362554	22.1980541	
4426204326	41.7359021	22.1984055	
4426204327	41.7357790	22.1985691	
4426204328	41.7355999	22.1987515	
4426204329	41.7355398	22.1988789	
4426204330	41.7355298	22.1990211	
4426204331	41.7354888	22.1991149	
4426204332	41.7355328	22.1991471	
4426204333	41.7357300	22.1994395	
4426204335	41.7358601	22.1996863	
4426204336	41.7359161	22.1998861	
4426204337	41.7359231	22.2000336	
4426204338	41.7358741	22.2001717	
4426204339	41.7358110	22.2002911	
4426204340	41.7357210	22.2003809	
4426204341	41.7356039	22.2004225	
4426204342	41.7354938	22.2004064	
4426204343	41.7353757	22.2003541	
4426204344	41.7352346	22.2003380	
4426204345	41.7351555	22.2003729	
4426204346	41.7351115	22.2004520	
4426204347	41.7351075	22.2005660	
4426204348	41.7348363	22.2005151	
4426204349	41.7346281	22.2005016	
4426204350	41.7344880	22.2003944	
4426204351	41.7341417	22.2004990	
4426204352	41.7338955	22.2004856	
4426204353	41.7336494	22.2005902	
4426204354	41.7333691	22.2006036	
4426204355	41.7330489	22.2007430	
4426204356	41.7325865	22.2008879	
4426204357	41.7320761	22.2008772	
4426204359	41.7350923	22.1977934	
4426220816	41.7355332	22.1989733	
4426220817	41.7355364	22.1989277	
4426237832	41.7355798	22.1987941	
4426237833	41.7355059	22.1975407	
4426237850	41.7354583	22.1975346	
4426237855	41.7354617	22.1975479	
4426237859	41.7355120	22.1990619	
4426237860	41.7354541	22.1975218	
4426237862	41.7350821	22.1978030	
4426238201	41.7354942	22.1991026	
4433061902	41.7448164	22.1851398	
4433061903	41.7452868	22.1849670	
4433061904	41.7462136	22.1846775	
4433061905	41.7463234	22.1846097	
4433061906	41.7456318	22.1834212	
4433061907	41.7454332	22.1835427	
4433061908	41.7453339	22.1839723	
4502450989	41.9441196	20.9253281	Bolnica Kamenjane
4502526763	42.0212829	21.3705082	
4512189989	42.0179859	21.3825697	Медика Центар
4520377165	41.9873102	21.4416355	
4520377168	41.9873198	21.4417629	
4687780346	42.0082478	21.4595031	
4687780347	42.0082985	21.4595147	
4687780348	42.0091164	21.4597491	
4687780349	42.0089221	21.4600599	
4687780350	42.0086936	21.4604371	
4687780351	42.0085267	21.4607445	
4687780352	42.0083948	21.4607984	
4725824036	41.7385478	22.1990788	
4725824037	41.7386699	22.1991893	
4725824039	41.7387333	22.1991329	
4725824054	41.7384283	22.1985494	
4725824055	41.7384505	22.1986480	
4725824061	41.7384445	22.1982681	
4725824062	41.7384208	22.1985162	
4776265422	42.0035328	21.4407164	ЈЗУ ЗДРАВСТВЕН ДОМ
4885047822	42.0030792	20.9773702	ONE Hospital - Tetovo
4973722847	41.1716566	20.6946961	
5014935667	42.0056146	21.5043788	
5067098012	42.0054433	21.5040846	
5078223557	41.9918273	21.4147056	
5078223567	41.9916376	21.4147845	
5104528435	41.9872499	21.4239534	
5130474890	41.9933702	21.4271939	Здравствен дом „Железничар“
5268651435	42.0097143	21.3625706	
5268651436	42.0096827	21.3625708	
5268651437	42.0096828	21.3625955	
5268651438	42.0096942	21.3625954	
5268651439	42.0096954	21.3629366	
5268651440	42.0096812	21.3629367	
5268651441	42.0096813	21.3629606	
5268651442	42.0097156	21.3629604	
5268651443	42.0096027	21.3630220	
5268651444	42.0092684	21.3629396	
5268651445	42.0092366	21.3629398	
5268651446	42.0092353	21.3625985	
5268651447	42.0092693	21.3625983	
5268651448	42.0092692	21.3625714	
5268651449	42.0092480	21.3625715	
5268651450	42.0092684	21.3629636	
5268651451	42.0092492	21.3629637	
5268651452	42.0095425	21.3629230	
5268651453	42.0095422	21.3628601	
5268651454	42.0093818	21.3629209	
5268651455	42.0093434	21.3629215	
5268651456	42.0093812	21.3625970	
5268651457	42.0093812	21.3626558	
5268651458	42.0095414	21.3626540	
5268651459	42.0095411	21.3625945	
5287633658	41.9905251	21.4050118	
5287633659	41.9901073	21.4051271	
5287633660	41.9899093	21.4051798	
5287633661	41.9900002	21.4051761	
5287633662	41.9901524	21.4055371	
5287633663	41.9901457	21.4052376	
5287633664	41.9897694	21.4051945	
5288522423	41.9957828	21.4234684	
5288522424	41.9957569	21.4234740	
5288522425	41.9956453	21.4235661	
5296448627	42.0042499	21.4033077	
5296448628	42.0042554	21.4032690	
5296448629	42.0041303	21.4032364	
5296448630	42.0041248	21.4032751	
5305559568	42.0025785	21.4015849	
5354621071	41.9653366	22.7816245	
5354621072	41.9653561	22.7816447	
5354621073	41.9653741	22.7816571	
5354621074	41.9654108	22.7816593	
5354621075	41.9654416	22.7816448	
5354621076	41.9661845	22.7806866	
5354621077	41.9661937	22.7806291	
5354621078	41.9661873	22.7806101	
5354621079	41.9661728	22.7805890	
5354621080	41.9661945	22.7806480	
5354621081	41.9653706	22.7797631	
5354621082	41.9653538	22.7797561	
5354621083	41.9653221	22.7797552	
5354621084	41.9653078	22.7797648	
5354621085	41.9649852	22.7802890	
5354621093	41.9652192	22.7799159	
5354621102	41.9649941	22.7802724	
5483295553	41.3448275	21.5633325	
5600176621	42.0319727	21.4333393	
5601794407	41.9389005	21.6155055	Euroitalia
5646430122	42.0130459	21.4434522	Visar
5761128321	41.0855049	21.0130865	Др.Пашковски
5969332187	41.1348192	20.7631403	St. Erasmus Hospital
5999496485	42.1369857	21.7104934	Hitna Pomos
6228086034	42.0147419	21.4036189	
6228086035	42.0147132	21.4040988	
6240060782	41.7170607	21.7796539	
6240062005	41.7171495	21.7791898	
6240062016	41.7173561	21.7798114	
6240062017	41.7170465	21.7793346	
6240062028	41.7172836	21.7798172	
6240062032	41.7170441	21.7798800	
6240062034	41.7171002	21.7791937	
6240062041	41.7171059	21.7799385	
6240062043	41.7170939	21.7790528	
6240062054	41.7173459	21.7791675	
6240062062	41.7173608	21.7799182	
6240062065	41.7172551	21.7791747	
6240062083	41.7173399	21.7790333	
6240062085	41.7171031	21.7798753	
6240062088	41.7171556	21.7793259	
6240062092	41.7170342	21.7796561	
6275319275	42.0451646	21.3459576	
6275319276	42.0449575	21.3461405	
6275319277	42.0451836	21.3460734	
6292883424	41.1732823	20.6941156	
6292883425	41.1717451	20.6940512	
6292883426	41.1715757	20.6953486	
6292883427	41.1732096	20.6954780	
6347485641	41.7613575	22.4646543	Партизанска болница
6347486413	41.7605483	22.4640929	
6347486414	41.7603559	22.4642902	
6347486415	41.7609105	22.4653371	
6347486416	41.7617649	22.4654661	
6347486417	41.7619856	22.4644722	
6347486418	41.7611821	22.4639564	
6348200118	41.7385530	22.1980466	
6348420542	41.7355031	22.1990823	
6358829592	41.7350493	22.1865491	
6358829593	41.7350288	22.1865624	
6384505886	41.7929628	20.9035260	Болница Ферид Мурад
6521697188	41.1715860	20.6952652	
6573239486	41.1173790	20.8180980	
6596877195	41.7154267	21.7755756	
6596877204	41.7163006	21.7757128	
6610968974	41.7152165	21.7750122	
6610968975	41.7146932	21.7748936	
6610968976	41.7139888	21.7751827	
6610968977	41.7148024	21.7765609	
6610968978	41.7146474	21.7766517	
6610968979	41.7138496	21.7766682	
6724958093	41.9873276	21.4266107	
6724958094	41.9872432	21.4268844	
6724958095	41.9869453	21.4267460	
6724958096	41.9865617	21.4266282	
6724958119	41.9868220	21.4256959	
7027084885	41.9919437	21.4235554	Стоматолошка Ординација
7173141269	42.0343370	21.0014229	NATURA MEDIKA
7647656736	41.5098016	20.9618468	
7647656737	41.5089058	20.9617488	
7647656738	41.5088729	20.9617961	
7647656739	41.5088881	20.9625362	
7647656740	41.5088957	20.9629113	
7647656741	41.5089159	20.9630972	
7647656742	41.5089336	20.9632797	
7647656743	41.5095267	20.9633756	
7647656745	41.5096814	20.9625681	
7653258541	41.5089241	20.9617514	
7829589545	41.8678306	21.9364878	
7829589546	41.8679335	21.9365633	
7829589547	41.8679897	21.9365721	
7829589548	41.8680424	21.9365255	
7829589549	41.8681800	21.9363493	
7829589550	41.8682349	21.9364489	
7829589551	41.8682642	21.9365866	
7829589552	41.8682792	21.9368385	
7829589553	41.8682599	21.9371812	
7829589554	41.8682434	21.9374377	
7829589555	41.8679436	21.9369062	
7829589556	41.8677603	21.9366614	
7829652883	41.8598925	21.9412712	
7829652884	41.8599794	21.9399497	
7829656085	41.8605760	21.9390865	
7829656086	41.8607845	21.9389010	
7829656087	41.8609487	21.9395400	
7829656088	41.8610717	21.9403177	
7829656089	41.8611190	21.9406755	
7829656090	41.8611798	21.9409085	
7829656091	41.8611436	21.9412699	
7829656092	41.8605402	21.9412719	
7829656093	41.8600636	21.9412804	
7836916823	41.8610222	21.9399162	
7836916824	41.8612391	21.9410958	
7836916825	41.8612513	21.9412689	
7836916826	41.8612786	21.9411564	
7836916827	41.8613000	21.9412047	
7836916828	41.8612852	21.9412608	
7836916829	41.8612983	21.9412371	
7840462345	41.8681144	21.9364519	
7926649536	41.9163336	22.4082821	
7926649537	41.9170143	22.4086571	
7926649538	41.9172604	22.4071898	
7926649539	41.9171946	22.4076382	
7926649540	41.9170742	22.4082471	
8041826229	41.3435782	21.5628475	
8041826230	41.3433772	21.5629793	
8041826232	41.3426837	21.5613753	
8041826242	41.3440595	21.5624203	
8041826243	41.3440160	21.5625340	
8041826244	41.3433426	21.5630018	
8041826245	41.3432153	21.5629031	
8041905785	41.3418756	21.5634223	
8041905789	41.3425569	21.5644240	
8041905790	41.3438035	21.5644353	
8041905820	41.3441191	21.5647793	
8041905821	41.3432615	21.5637477	
8041905823	41.3448897	21.5635604	
8041905824	41.3445778	21.5639098	
8041905825	41.3443844	21.5644089	
8041905826	41.3441784	21.5648438	
8041905827	41.3413102	21.5625830	
8041905828	41.3415758	21.5622935	
8041905829	41.3415203	21.5621710	
8041905830	41.3420011	21.5617678	
8041905831	41.3420529	21.5617882	
8041905832	41.3440970	21.5624109	
8041905833	41.3443035	21.5628850	
8041905835	41.3446658	21.5638338	
8043006081	41.3444026	21.5627809	
8043006082	41.3442646	21.5627957	
8043029400	41.3446822	21.5638026	
8238250592	41.3448516	21.5634511	
8393939617	41.9347627	21.5332026	lindi 2022
8434537936	41.9398219	21.5158516	PZU "Deona MM"
8635010470	42.0028115	21.4034248	
8635010483	42.0033301	21.4028418	
8848265022	42.0049045	21.3436369	
8848265023	42.0048392	21.3446295	
8848265024	42.0041545	21.3446504	
8848265025	42.0041732	21.3436390	
8848265026	42.0049074	21.3440054	
8848265047	42.0049107	21.3444410	
9131183907	42.0133702	21.4055922	
9131183908	42.0134534	21.4051464	
9131183909	42.0135281	21.4041822	
9131183910	42.0136053	21.4034526	
9131183911	42.0146371	21.4041433	
9131183915	42.0137285	21.4043447	
9131186720	42.0140622	21.4049965	
9143953847	42.0080789	21.4602402	
9663651925	41.9168257	22.4059278	
9663651926	41.9170995	22.4055815	
9757730378	41.4083973	22.2422030	
9757730379	41.4082355	22.2415683	
9757730380	41.4088225	22.2413064	
9757730381	41.4090397	22.2417932	
9757730382	41.4089103	22.2419812	
9883676433	41.6069919	20.6028531	
9883676434	41.6067609	20.6032332	
9883676435	41.6066226	20.6034466	
9883676436	41.6065572	20.6035584	
9883676437	41.6065344	20.6036621	
9883676438	41.6065329	20.6037719	
9883676439	41.6065633	20.6038837	
9883676440	41.6066028	20.6039223	
9883676441	41.6066970	20.6039691	
9883676442	41.6067746	20.6040382	
9883676443	41.6068597	20.6041114	
9883676444	41.6069782	20.6038552	
9883676445	41.6070679	20.6037658	
9883676446	41.6071257	20.6036946	
9883676447	41.6072017	20.6035402	
9883676448	41.6072381	20.6034812	
9883676449	41.6074053	20.6034365	
9883676450	41.6074114	20.6033409	
9883676451	41.6073962	20.6032393	
9883676452	41.6073764	20.6031275	
9883676453	41.6073552	20.6030381	
9883676454	41.6073293	20.6029669	
9883676455	41.6072928	20.6028998	
9883676456	41.6072290	20.6028694	
9883676457	41.6071333	20.6028490	
1000000028212175	42.0028656	21.4025548	Поликлиника Букурешт
1000000028212201	42.0057646	21.4037835	ГОБ „8 Септември“
1000000032299002	42.0064272	21.3794289	Неуромедика
1000000032302800	42.0094758	21.3627696	
1000000032490168	41.9926830	21.4343082	
1000000032658092	42.0193328	21.3722858	Психијатриската болница Бардовци
1000000032687572	41.9886480	21.4223040	Клинички центар - Државна болница
1000000033480091	41.4331975	22.0186733	
1000000034074207	41.1166388	20.8169092	Медицински Центар
1000000034159646	41.9850722	21.4572960	Поликлиника Јане Сандански
1000000035065175	41.5127881	21.2171033	Здравствен Дом
1000000037766954	41.9954511	21.5038069	Здравствена Станица "Маџари I"
1000000037866488	41.9169924	22.4070274	ЈЗУ Општа Болница
1000000037998632	41.9900835	21.4051872	Институт по белодробни заболувања кај децата - Козле
1000000038002612	41.9890401	21.4621383	Мајчин Дом
1000000038082546	41.9948975	21.4049758	Рес Хумана ординација
1000000038317780	41.0328679	21.3353421	Здравствен Дом
1000000126355598	42.0140560	21.4045033	Клиничка Болница Аџибадем Систина
1000000152448287	41.9869671	21.4348586	Ординација Срце
1000000152822002	41.0213073	21.3162549	Плодност
1000000159159400	41.7151566	21.7757809	
1000000160554124	42.1370013	21.7090381	Болница
1000000160554125	42.1362234	21.7082219	Ургентен Центар
1000000160554145	42.1363726	21.7087297	Болница
1000000161578643	42.1352181	21.7169354	Здравствен дом
1000000164191033	41.9956821	21.4234574	Др. Анчевски
1000000167697125	41.4122803	22.8796829	
1000000168740291	41.4121094	22.8799099	
1000000175160544	42.0049583	21.4660123	Амбуланта Авткоманда
1000000175293043	42.0081845	21.4596539	Ремедика
1000000175293044	42.0086400	21.4594169	Поликлиника Железара
1000000175516639	41.9951591	21.4205342	Поликлиника Идадија - Млин Балкан
1000000175892204	42.0209002	21.4443417	Поликлиника Чаир
1000000175905539	42.0108109	21.4396952	Гинеколошко акушерска болница-Чаир ''Мајка Тереза'''
1000000176156176	42.0140243	21.4039775	Acibadem Sistina Hospital
1000000176173911	41.9915110	21.4134912	Завод за физикална медицина и рехабилитација
1000000176293213	42.0306965	21.4456894	Амбуланта Бутел
1000000176950874	41.8978010	21.6936414	Центар замедицинска рехабилитација Катлановска Бања
1000000177404394	42.0055027	21.5043272	Поликлиника Ченто
1000000179747888	41.9875112	21.4414967	Центар за Јавно Здравје - Пролет
1000000185377843	42.0074094	21.3753089	Амбуланта Влае
1000000185635120	41.5159891	21.7218657	Специјална Болница за белодробни заболувања и туберкулоза Јасеново“
1000000188947643	42.1367567	21.7102301	Болница
1000000194654804	41.0737600	20.8026604	Центар за Кардиоваскуларни заболувања
1000000196614896	41.0229534	21.3184883	ЈЗУ Клиничка Болница Др. Трифун Пановски
1000000223427540	42.0094596	21.3627586	
1000000228568802	41.5079033	20.9620280	
1000000232806059	41.1974925	22.4802670	Психијатриска болница “Негорци”
1000000241088123	42.0050954	20.9713384	Болница Тетово
1000000288270661	41.8300359	20.9672887	Ambulanca
1000000288279910	41.8395790	20.9747196	Реума
1000000300492171	41.4790393	22.0829218	Здравствен Дом Неготино
1000000305981470	41.9926137	21.4340607	
1000000305981471	41.9927498	21.4343481	
1000000365648646	41.9655341	22.7807068	Здравствен дом Гоце Делчев
1000000408840915	42.0041601	21.4034525	Клиника Болница Жан Митрев
1000000422688582	42.0145020	21.4038348	Болница „Аџибадем Систина“
1000000428710062	41.4163822	22.7543571	
1000000439111652	41.7356272	22.1917517	Стар Здраствен Дом
1000000443233913	41.7386161	22.1986351	Здравствен дом Панче Караѓозов
1000000444790284	41.7348442	22.1864601	
1000000445148605	41.7342181	22.1991798	Клиничка Болница Штип
1000000445970191	41.7455699	22.1842805	
1000000474923330	42.0085205	21.4597510	
1000000666492759	41.7171975	21.7794858	Здравствен дом Велес
1000000670082044	42.0450611	21.3460490	Амбуланта Волково
1000000671994292	41.1724290	20.6947646	Институт за нефрологија
1000000677899122	41.7611707	22.4647112	Партизанска Болница
1000000679077419	41.7350288	22.1865624	
1000000818917959	41.5093372	20.9625622	Општа Болница Кичево
1000000839015846	41.8680197	21.9368934	Нова амбуланта
1000000839020774	41.8605962	21.9400907	Примариус Др. Ѓорѓи Гаврилски
1000000863267699	41.3430999	21.5631095	Општа болница Борка Талески-Модерното
1000000956043144	42.0045326	21.3441436	Санте Плус
1000001062139816	41.4086376	22.2417547	
1000001078021793	41.6069721	20.6034802	
2000000002963885	42.0094677	21.3627641	Поликлиника Ѓорче Петров
2000000004081495	41.9926817	21.4342043	Градска болница
2000000009429039	41.7349365	22.1865112	Оддел за Психијатрија
